	    1            1   -0.0052484
            2          0.5   -0.0013226
            3         0.25  -0.00033132
            4        0.125  -8.2873e-05
            5       0.0625  -2.0721e-05
            6      0.03125  -5.1804e-06
            7     0.015625  -1.2951e-06
            8    0.0078125  -3.2379e-07
            9    0.0039062   -8.106e-08
           10    0.0019531  -2.0059e-08
           11   0.00097656  -7.9514e-09
           12   0.00048828  -7.9514e-09
           13   0.00024414  -5.2655e-08
           14   0.00012207  -2.9107e-07
           15   6.1035e-05   1.8576e-07
           16   3.0518e-05  -1.7216e-06
           17   1.5259e-05   2.0931e-06
           18   7.6294e-06  -5.8942e-05
           19   3.8147e-06  -5.8942e-05
           20   1.9073e-06  -5.8942e-05
           21   9.5367e-07  -5.8942e-05
           22   4.7684e-07   -0.0039652
           23   2.3842e-07      0.01166
           24   1.1921e-07      0.01166
           25   5.9605e-08      -1.4883