	    1            1   -0.0002162
            2          0.5  -1.4048e-05
            3         0.25  -8.8674e-07
            4        0.125  -5.5559e-08
            5       0.0625  -3.4751e-09
            6      0.03125  -2.1946e-10
            7     0.015625  -3.6345e-11
            8    0.0078125  -5.4535e-11
            9    0.0039062  -3.2617e-10
           10    0.0019531   2.7531e-10
           11   0.00097656  -7.0201e-09
           12   0.00048828  -2.2853e-08
           13   0.00024414  -1.1226e-07
           14   0.00012207  -3.5068e-07
           15   6.1035e-05  -5.2655e-08
           16   3.0518e-05   -3.311e-06
           17   1.5259e-05  -1.0623e-05
           18   7.6294e-06  -0.00011998
           19   3.8147e-06  -1.8252e-05
           20   1.9073e-06  -0.00070998
           21   9.5367e-07   -0.0023376
           22   4.7684e-07     -0.01959
           23   2.3842e-07    -0.014382
           24   1.1921e-07     -0.15501
           25   5.9605e-08      -2.4883