	    1            1      0.24691
            2          0.5      0.12311
            3         0.25     0.061342
            4        0.125     0.030601
            5       0.0625     0.015281
            6      0.03125    0.0076356
            7     0.015625    0.0038165
            8    0.0078125    0.0019079
            9    0.0039062   0.00095387
           10    0.0019531   0.00047692
           11   0.00097656   0.00023845
           12   0.00048828   0.00011922
           13   0.00024414   5.9612e-05
           14   0.00012207   2.9806e-05
           15   6.1035e-05   1.4903e-05
           16   3.0518e-05   7.4514e-06
           17   1.5259e-05   3.7258e-06
           18   7.6294e-06   1.8627e-06
           19   3.8147e-06   9.3135e-07
           20   1.9073e-06   4.6568e-07
           21   9.5367e-07   2.3285e-07
           22   4.7684e-07   1.1737e-07
           23   2.3842e-07   5.7765e-08
           24   1.1921e-07   2.7963e-08
           25   5.9605e-08  -3.1642e-08
           26   2.9802e-08   2.7963e-08
           27   1.4901e-08  -9.1247e-08
           28   7.4506e-09  -3.2967e-07
           29   3.7253e-09  -3.2967e-07
           30   1.8626e-09  -3.2967e-07
           31   9.3132e-10  -3.2967e-07
           32   4.6566e-10  -4.1444e-06
           33   2.3283e-10  -4.1444e-06
           34   1.1642e-10  -4.1444e-06
           35   5.8208e-11  -3.4662e-05
           36   2.9104e-11  -3.4662e-05
           37   1.4552e-11  -0.00015673
           38    7.276e-12  -0.00015673
	   39    3.638e-12  -0.00015673
           40    1.819e-12   -0.0011333
           41   9.0949e-13   0.00081983
           42   4.5475e-13   -0.0030864
           43   2.2737e-13   -0.0030864
           44   1.1369e-13   -0.0030864
           45   5.6843e-14   -0.0030864
           46   2.8422e-14   -0.0030864
           47   1.4211e-14   -0.0030864
           48   7.1054e-15      0.24691
           49   3.5527e-15      0.24691
           50   1.7764e-15      0.24691