	    1            1    0.0053677
            2          0.5    0.0013585
            3         0.25   0.00034068
            4        0.125   8.5236e-05
            5       0.0625   2.1313e-05
            6      0.03125   5.3285e-06
            7     0.015625   1.3321e-06
            8    0.0078125   3.3304e-07
            9    0.0039062   8.3259e-08
           10    0.0019531   2.0815e-08
           11   0.00097656   5.2035e-09
           12   0.00048828   1.2999e-09
           13   0.00024414   3.2859e-10
           14   0.00012207   8.1203e-11
           15   6.1035e-05   2.2996e-11
           16   3.0518e-05  -3.5212e-11
           17   1.5259e-05   2.2996e-11
           18   7.6294e-06   2.2996e-11
           19   3.8147e-06   2.2996e-11
           20   1.9073e-06   2.2996e-11
           21   9.5367e-07   2.2996e-11
           22   4.7684e-07   1.8856e-09
           23   2.3842e-07  -1.8396e-09
           24   1.1921e-07  -1.8396e-09
           25   5.9605e-08  -1.8396e-09
           26   2.9802e-08   2.7963e-08
           27   1.4901e-08   2.7963e-08
           28   7.4506e-09  -9.1247e-08
           29   3.7253e-09   1.4717e-07
           30   1.8626e-09  -3.2967e-07
           31   9.3132e-10  -3.2967e-07
           32   4.6566e-10  -3.2967e-07
           33   2.3283e-10  -4.1444e-06
           34   1.1642e-10  -4.1444e-06
           35   5.8208e-11  -4.1444e-06
           36   2.9104e-11   2.6373e-05
           37   1.4552e-11  -3.4662e-05
           38    7.276e-12   8.7408e-05
           39    3.638e-12  -0.00015673
           40    1.819e-12  -0.00015673
           41   9.0949e-13   0.00081983
           42   4.5475e-13   0.00081983
           43   2.2737e-13   -0.0030864
           44   1.1369e-13   -0.0030864
           45   5.6843e-14   -0.0030864
           46   2.8422e-14   -0.0030864
           47   1.4211e-14   -0.0030864
           48   7.1054e-15      0.24691
           49   3.5527e-15      0.24691
           50   1.7764e-15      0.24691