	    1            1   0.00033548
            2          0.5   2.2119e-05
            3         0.25   1.4014e-06
            4        0.125   8.7886e-08
            5       0.0625   5.4976e-09
            6      0.03125   3.4374e-10
            7     0.015625   2.1347e-11
            8    0.0078125   1.6225e-12
            9    0.0039062  -1.2071e-13
           10    0.0019531   8.6456e-13
           11   0.00097656   2.5824e-13
           12   0.00048828  -1.2576e-12
           13   0.00024414   8.4437e-12
           14   0.00012207  -8.5335e-12
           15   6.1035e-05  -1.2576e-12
           16   3.0518e-05  -4.4913e-11
           17   1.5259e-05   6.1801e-11
           18   7.6294e-06  -1.3222e-10
           19   3.8147e-06  -1.3222e-10
           20   1.9073e-06   6.4388e-10
           21   9.5367e-07  -9.0833e-10
           22   4.7684e-07   3.1274e-09
           23   2.3842e-07  -5.5649e-09
           24   1.1921e-07  -1.1774e-08
           25   5.9605e-08  -1.1774e-08
           26   2.9802e-08   2.7963e-08
           27   1.4901e-08  -3.1642e-08
           28   7.4506e-09  -1.1774e-08
           29   3.7253e-09   3.8559e-07
           30   1.8626e-09   -8.065e-07
           31   9.3132e-10  -1.6012e-06
           32   4.6566e-10   1.5777e-06
           33   2.3283e-10  -7.9591e-06
           34   1.1642e-10   6.0282e-06
           35   5.8208e-11  -9.2306e-06
           36   2.9104e-11  -4.1444e-06
           37   1.4552e-11   6.0282e-06
           38    7.276e-12   4.6718e-05
           39    3.638e-12  -0.00023811
           40    1.819e-12  -0.00064501
           41   9.0949e-13    0.0021219
           42   4.5475e-13     0.002773
           43   2.2737e-13   -0.0017843
	   44   1.1369e-13    0.0021219
           45   5.6843e-14    0.0073302
           46   2.8422e-14     -0.02392
           47   1.4211e-14   -0.0030864
           48   7.1054e-15      0.37191
           49   3.5527e-15      0.41358
           50   1.7764e-15      0.58025